510,034
87,280
103,616
91,012
60,594
76,948
1,156
22,735
55,796
19,979
23,478
11,850
16,686
21,278
16,710
16,122
6,318
9,433
9,648
2,873
9,296
8,208
6,577
5,076
5,528
6,463
6,202
5,401
6,386
2,804
3,798
5,360
4,308
4,064
4,375
2,464
2,522
3,778
3,246
3,569
3,284
2,723
2,890
2,838
2,912
2,705
2,687
2,323
2,397
1,251
1,643
1,738
1,777
1,317
1,069
1,430
1,570
770
1,225
1,229
583
798
751
1,203
1,148
1,005
847
937
814
785
609
829
845
772
710
707
722
599
584
82
633
582
612
585
634
489
532
536
484
554
442
309
241
212
374
347
365
273
351
181
337
268
301
273
228
248
255
111
265
196
119
233
109
198
154
159
145
27
79
101
131
119
68
109
28
45
101
87
45
89
85
86
60
35
23
45
57
52
56
50
49
24
55
47
46
53
36
33
36
31
13
35
35
38
29
34
30
19
23
21
18
15
21
21
18
19
6
13
19
17
13
14
8
16
13
11
11
12
5
13
14
7
12
12
11
8
0
10
11
8
5
10
7
6
4
8
6
4
2
6
4
3
4
4
4
3
2
1
3
2
1
1
