47,999
None
21,711
14,555 
135,586
12,495
25
7,131
27,039
6,159 
34,109
2,643
193
391
250
381 
14,152
258
37
267
6,776
72 
8,672
6,237
68
78
2,813
210 
5,480
102
38
337
181
136 
4,761
2,454
0.7
25
1,487
220 
3,870
224
70
None
1,301
41 
2,785
197
7
1
300
30 
2,249
2,386
2
147
269
50 
1,749
980
1
33
406
6 
1,468
77
0.9
36
97
1 
1,185
18,705
2
35
77
24 
961
12,900
6
17
114
1 
821
30,766
10
23
619
7 
685
None
2
15
42
2 
577
12,743
3
17
30
9 
483
1,085
2
None
72
22 
396
623
0.9
None
40
6 
349
None
40
10
5
5 
279
17,270
0.5
5
8
1 
254
24
None
7
113
20 
210
51
0.8
5
131
18 
179
92
7
6
80
4 
144
None
17
3
25
5 
117
345
None
None
7
5 
93
None
0.2
4
55
 
74
8,935
0.4
4
10
5 
55
22
None
None
2
1 
45
None
140
None
7
6 
33
168
None
6
None
1 
26
None
0.09
None
None
1 
19
408
0.1
None
1
2 
16
609
None
None
1
 
15
107
0.6
None
1
1 
12
400
0.1
