330,590
2
14,795 
148,220
7,593
292
4,895
21,254
3,993 
60,733
4,155
10
1,276
9,800
2,248 
19,438
9,591
4
245
4,512
204 
9,404
13,557
0.4
678
25
50 
6,042
21,009
0.1
362
1,621
99 
5,205
2,623
11
99
140
121 
4,263
191
2
1
633
46 
2,956
52
1
112
239
63 
2,487
6,588
0.4
37
50
55 
1,884
3,121
0.3
96
35
6 
1,616
90,689
5
None
179
93 
1,239
10,610
2
11
40
40 
1,066
4,868
0.5
21
94
9 
855
None
3
23
79
10 
727
3,024
None
3
25
29 
593
2,288
1
29
52
3 
526
11,822
0.6
15
192
14 
419
None
1
7
48
5 
362
None
0.6
None
6
11 
313
None
1,002
4
44
7 
270
1,474
2
None
126
2 
244
None
0.1
6
44
2 
184
105,458
0.2
2
65
 
158
21,450
16
13
91
 
120
43,958
0.7
1
7
8 
103
None
None
3
43
1 
78
23,605
None
None
10
3 
59
None
0.02
None
None
5 
45
7,288
None
1
1
3 
39
67
8
None
None
 
32
None
0.8
None
5
1 
22
23
0.1
None
None
2 
19
None
None
None
1
 
16
142
None
None
None
2 
14
None
None
None
