88,505
176
435,128
6,674
316
3,693
46,300
10,869 
64,586
2,514
105
1,492
4,681
895 
20,549
5,926
11
296
196
273 
10,423
9,310
8
8
205
235 
6,052
12,541
19
None
1,115
218 
5,312
9,215
4
162
632
242 
4,342
1,201
0.3
76
96
174 
3,034
42,450
0.9
41
118
12 
2,528
2,729
7
61
178
108 
2,054
660
8
7
358
52 
1,623
11,110
18
46
305
19 
1,275
156
0.2
None
72
27 
1,091
14,752
1
14
8
58 
881
1,840
0.2
3
63
34 
730
None
0.4
10
16
24 
617
2,990
3
5
62
23 
545
None
7
15
27
7 
444
None
0.4
None
154
3 
379
1,709
None
5
38
23 
342
173
0.2
14
16
6 
273
3,863
0.6
3
44
 
248
3,708
0.1
1
50
7 
184
4,032
None
None
9
9 
164
None
12
19
43
1 
135
3,144
None
1
63
 
107
696
0.8
1
17
 
81
None
26
None
23
4 
63
2,279
0.3
1
None
 
45
None
15
1
5
6 
39
5,058
0.05
4
1
 
33
None
52
None
None
1 
25
None
0.06
None
2
2 
19
None
None
None
1
 
16
None
None
None
None
 
14
None
6
None
1
