1,450,147
77,279
None
39
7,069
24,392
2,066 
109,069
3,436
48
1,559
1,582
2,240 
22,789
19,867
131
426
127
380 
12,881
13,408
4
147
580
687 
6,086
21,009
2
165
468
218 
5,116
2,988
8
160
528
93 
4,183
191
2
156
96
44 
2,956
52
3
41
633
65 
2,659
54,517
7
61
16
6 
1,956
419
8
76
95
62 
1,668
165
1
13
113
94 
1,343
3,197
2
4
72
65 
1,091
14,752
1
80
264
15 
895
2,665
3
21
467
34 
717
5,257
None
21
60
23 
617
2,990
3
3
16
19  
564
21,653
0.09
13
24
7 
423
None
0.4
7
27
19 
379
1,709
None
5
41
7 
312
None
None
2
40
11 
270
1,474
6
None
44
 
248
3,207
0.1
1
2
3 
189
152
None
None
9
2 
166
63
12
20
5
7 
135
20,218
None
1
63
 
107
627
None
2
11
3 
79
None
26
1
14
3 
63
1,938
1
None
4
 
47
2,471
0.9
None
10
6 
39
4,913
0.05
1
8
 
32
None
None
None
5
1 
24
None
0.06
None
None
2 
19
None
None
None
3
 
16
142
None
None
None
3 
14
None
None
None
None
2 
