1,712
3,625
2,638
2,031
1,527
1,305
57
873
724
2,639
1,550
2,968
658
107
126
1,661
1,558
1,298
1,084
206
1,955
7
427
394
228
58
183
345
1,208
249
1,091
562
25
142
45
149
36
17
417
464
788
5,259
1,121
292
71
553
309
499
55
37
49
37
206
20
45
47
424
5,014
402
151
34
280
792
1,004
304
583
113
390
351
314
135
52
28
410
31
149
5
142
64
None
60
99
17
548
347
8,361
93
117
22
18
22
24
138
162
2,479
64
40
17
437
38
870
10,492
28
255
2
60
302
17
435
67
3
19
2,846
3
10
4
759
3,766
6
418
9
21
357
21
311
3,829
10
6
7
81
4
2,370
862
288
2,072
9
0.6
24
247
11
12
915
26
1
806
189
1,166
120
0.8
57
2
69
0.8
19
3
10
3
828
0.7
2
1
4
235
1
15
0.7
37
0.6
3
63
5
0.8
222
18
6
82
0.9
35
85
0.5
124
12
6
226
108
2
194
2,204
112
18
17
1
None
4
1
232
9,988
2
607
10
0.4
6
1,437
18
0.4
3
200
99
114
0.2
173
0.03
