11.4
1,518,783
9,279
48,021
17,669 
113,296
15,730
167
3,987
135
812 
23,403
7,269
103
1,424
4,548
820 
13,141
12,630
30
55
801
63  
8,419
5,416
48
87
32
178 
5,546
3,159
38
103
222
220 
4,667
437
14
113
467
65 
3,870
224
1
34
222
41 
2,666
1,232
1
101
300
30 
2,210
14,515
10
76
269
18 
1,795
295
1
29
633
205 
1,560
244
5
1
317
69 
1,185
18,705
7
35
77
4 
912
11,060
6
30
111
5 
822
5,257
10
None
54
11 
682
3,605
2
15
42
2 
576
1,583
298
8
52
3 
457
831
2
None
72
23 
400
1,039
0.1
None
40
6 
351
6,655
2
None
34
34 
299
28,833
0.03
3
33
18 
263
3,029
None
7
113
20 
211
820
0.3
3
131
18 
179
92
0.3
None
82
6 
141
None
2
None
60
5 
117
345
None
None
10
 
87
63
None
4
55
 
70
211
1
4
16
2 
53
72
None
None
6
 
40
None
140
None
7
6 
34
None
None
None
7
4 
27
23
0.08
None
None
1 
19
None
20
None
13
 
18
8,126
None
None
3
 
15
None
None
None
7
 
12
None
